Rank	Weapon_Damage	Armor_Defense	Rank_Name	Spirit1	Spirit2	Spirit3	Spirit4	Spirit5																			
1 	2 	2 		O																							
2 	2 	2 		O																							
3 	3 	2 		O																							
4 	3 	3 		O																							
5 	4 	3 		O																							
6 	4 	3 		O																							
7 	5 	3 	L	O																							
8 	5 	4 	F	O																							
9 	6 	4 	E	O	O																						
10 	6 	4 	D	O	O	O																					
11 	7 	4 	C	O	O	O	O																				
12 	7 	4 	B	O	O	O	O	O																			
13 	8 	5 	A	O	O	O	O	O																			
14 	9 	5 	AA	O	O	O	O	O																			
15 	10 	5 	AAA	O	O	O	O	O																			
16 	11 	5 	S	O	O	O	O	O																			
																											
Success	1 	2 	3 	4 	5 	6 	7 	8 	9 	10 	11 	12 	13 	14 	15 	16 											
1 	0 	0 	0 	0 	0 	0 	0 	0 	0 	0 	0 	0 	0 	0 	0 	0 											
2 	0 	0 	0 	0 	0 	0 	0 	0 	0 	0 	0 	0 	0 	0 	0 	0 											
3 	0 	0 	0 	0 	0 	0 	0 	0 	0 	0 	0 	0 	0 	0 	0 	0 											
4 	0 	0 	0 	0 	0 	0 	0 	0 	0 	0 	0 	0 	0 	0 	0 	0 											
5 	0 	0 	0 	0 	0 	0 	0 	0 	0 	0 	0 	0 	0 	0 	0 	0 											
6 	0 	0 	0 	0 	0 	0 	0 	0 	0 	0 	0 	0 	0 	0 	0 	0 											
7 	100 	100 	86 	66 	42 	21 	12 	0 	0 	0 	0 	0 	0 	0 	0 	0 											
8 	100 	100 	89 	73 	52 	44 	24 	12 	0 	0 	0 	0 	0 	0 	0 	0 											
9 	100 	100 	92 	77 	59 	43 	35 	24 	12 	0 	0 	0 	0 	0 	0 	0 											
10 	100 	100 	94 	81 	65 	51 	43 	33 	23 	12 	0 	0 	0 	0 	0 	0 											
11 	100 	100 	95 	84 	69 	57 	50 	41 	31 	22 	12 	0 	0 	0 	0 	0 											
12 	100 	100 	97 	86 	73 	62 	55 	47 	39 	30 	21 	12 	0 	0 	0 	0 											
13 	100 	100 	98 	88 	76 	66 	60 	53 	45 	36 	28 	20 	12 	0 	0 	0 											
14 	100 	100 	99 	90 	79 	69 	64 	57 	50 	42 	35 	27 	20 	12 	0 	0 											
15 	100 	100 	100 	91 	81 	72 	67 	61 	54 	47 	40 	33 	26 	19 	12 	0 											
16 	100 	100 	100 	93 	83 	74 	70 	64 	58 	51 	45 	38 	32 	25 	19 	12 											
																											
Remain	1 	2 	3 	4 	5 	6 	7 	8 	9 	10 	11 	12 	13 	14 	15 	16 											
1 	0 	0 	0 	0 	0 	0 	0 	0 	0 	0 	0 	0 	0 	0 	0 	0 											
2 	0 	0 	0 	0 	0 	0 	0 	0 	0 	0 	0 	0 	0 	0 	0 	0 											
3 	0 	0 	0 	0 	0 	0 	0 	0 	0 	0 	0 	0 	0 	0 	0 	0 											
4 	0 	0 	0 	0 	0 	0 	0 	0 	0 	0 	0 	0 	0 	0 	0 	0 											
5 	0 	0 	0 	0 	0 	0 	0 	0 	0 	0 	0 	0 	0 	0 	0 	0 											
6 	0 	0 	0 	0 	0 	0 	0 	0 	0 	0 	0 	0 	0 	0 	0 	0 											
7 	100 	100 	87 	73 	60 	47 	33 	0 	0 	0 	0 	0 	0 	0 	0 	0 											
8 	100 	100 	89 	77 	66 	54 	43 	31 	0 	0 	0 	0 	0 	0 	0 	0 											
9 	100 	100 	90 	80 	70 	60 	50 	40 	30 	0 	0 	0 	0 	0 	0 	0 											
10 	100 	100 	91 	82 	73 	64 	56 	47 	38 	29 	0 	0 	0 	0 	0 	0 											
11 	100 	100 	92 	84 	76 	68 	60 	52 	44 	36 	28 	0 	0 	0 	0 	0 											
12 	100 	100 	93 	85 	78 	71 	64 	56 	49 	42 	35 	27 	0 	0 	0 	0 											
13 	100 	100 	93 	87 	80 	73 	67 	60 	53 	47 	40 	33 	27 	0 	0 	0 											
14 	100 	100 	94 	88 	82 	75 	69 	63 	57 	51 	45 	38 	32 	26 	0 	0 											
15 	100 	100 	94 	89 	83 	77 	71 	66 	60 	54 	49 	43 	37 	31 	26 	0 											
16 	100 	100 	95 	89 	84 	79 	73 	68 	63 	57 	52 	47 	41 	36 	31 	25 											
																											
Reset	1 	2 	3 	4 	5 	6 	7 	8 	9 	10 	11 	12 	13 	14 	15 	16 											
1 	0 	0 	0 	0 	0 	0 	0 	0 	0 	0 	0 	0 	0 	0 	0 	0 											
2 	0 	0 	0 	0 	0 	0 	0 	0 	0 	0 	0 	0 	0 	0 	0 	0 											
3 	0 	0 	0 	0 	0 	0 	0 	0 	0 	0 	0 	0 	0 	0 	0 	0 											
4 	0 	0 	0 	0 	0 	0 	0 	0 	0 	0 	0 	0 	0 	0 	0 	0 											
5 	0 	0 	0 	0 	0 	0 	0 	0 	0 	0 	0 	0 	0 	0 	0 	0 											
6 	0 	0 	0 	0 	0 	0 	0 	0 	0 	0 	0 	0 	0 	0 	0 	0 											
7 	0 	0 	13 	27 	30 	33 	37 	0 	0 	0 	0 	0 	0 	0 	0 	0 											
8 	0 	0 	11 	23 	34 	36 	37 	39 	0 	0 	0 	0 	0 	0 	0 	0 											
9 	0 	0 	10 	20 	30 	40 	40 	40 	40 	0 	0 	0 	0 	0 	0 	0 											
10 	0 	0 	9 	18 	27 	36 	44 	43 	42 	41 	0 	0 	0 	0 	0 	0 											
11 	0 	0 	8 	16 	24 	32 	40 	48 	46 	44 	42 	0 	0 	0 	0 	0 											
12 	0 	0 	7 	15 	22 	29 	36 	44 	51 	48 	45 	43 	0 	0 	0 	0 											
13 	0 	0 	7 	13 	20 	27 	33 	40 	47 	53 	50 	47 	43 	0 	0 	0 											
14 	0 	0 	6 	12 	18 	25 	31 	37 	43 	49 	55 	52 	48 	44 	0 	0 											
15 	0 	0 	6 	11 	17 	23 	29 	34 	40 	46 	51 	57 	53 	49 	44 	0 											
16 	0 	0 	5 	11 	16 	21 	27 	32 	37 	43 	48 	53 	59 	54 	49 	45 											
																											
Destroy	1 	2 	3 	4 	5 	6 	7 	8 	9 	10 	11 	12 	13 	14 	15 	16 											
1 	0 	0 	0 	0 	0 	0 	0 	0 	0 	0 	0 	0 	0 	0 	0 	0 											
2 	0 	0 	0 	0 	0 	0 	0 	0 	0 	0 	0 	0 	0 	0 	0 	0 											
3 	0 	0 	0 	0 	0 	0 	0 	0 	0 	0 	0 	0 	0 	0 	0 	0 											
4 	0 	0 	0 	0 	0 	0 	0 	0 	0 	0 	0 	0 	0 	0 	0 	0 											
5 	0 	0 	0 	0 	0 	0 	0 	0 	0 	0 	0 	0 	0 	0 	0 	0 											
6 	0 	0 	0 	0 	0 	0 	0 	0 	0 	0 	0 	0 	0 	0 	0 	0 											
7 	0 	0 	0 	0 	10 	20 	30 	0 	0 	0 	0 	0 	0 	0 	0 	0 											
8 	0 	0 	0 	0 	0 	10 	20 	30 	0 	0 	0 	0 	0 	0 	0 	0 											
9 	0 	0 	0 	0 	0 	0 	10 	20 	30 	0 	0 	0 	0 	0 	0 	0 											
10 	0 	0 	0 	0 	0 	0 	0 	10 	20 	30 	0 	0 	0 	0 	0 	0 											
11 	0 	0 	0 	0 	0 	0 	0 	0 	10 	20 	30 	0 	0 	0 	0 	0 											
12 	0 	0 	0 	0 	0 	0 	0 	0 	0 	10 	20 	30 	0 	0 	0 	0 											
13 	0 	0 	0 	0 	0 	0 	0 	0 	0 	0 	10 	20 	30 	0 	0 	0 											
14 	0 	0 	0 	0 	0 	0 	0 	0 	0 	0 	0 	10 	20 	30 	0 	0 											
15 	0 	0 	0 	0 	0 	0 	0 	0 	0 	0 	0 	0 	10 	20 	30 	0 											
16 	0 	0 	0 	0 	0 	0 	0 	0 	0 	0 	0 	0 	0 	10 	20 	30 											
																											
Elemental_Stone_Level	Weapon_Damage	Weapon_Sucess_Rate	Armor_Resistance(%)	Armor_Success_Rate																							
1	3	100	7	100																							
2	4	70	9	70																							
3	5	40	12	40																							
4	6	30	15	30																							
5	7	20	17	20																							
																											
정령석같은속성추가시	무기 보너스	갑옷 보너스(%)																									
	3	3																									
																											
기원석 추가장착 판별	무기 확률	방어구 확률	기타확률																								
1	100	100	100																								
2	90	90	90																								
3	80	80	75																								
4	70	60	60																								
5	60	40	50																								
6	50	30	0																								
7	40	0	0																								
8	30	0	0																								
																											
Socket_Num	Remain(Weapon)	Reset_Sockets(Weapon)	Reset(Weapon)	Destroy(Weapon)	Remain(Armor)	Reset_Sockets(Armor)	Reset(Armor)	Destroy(Armor)	Remain(Other)	Reset_Sockets(Other)	Reset(Other)	Destroy(Other)															
1	100	0	0	0	100	0	0	0	55	45	0	0															
2	95	5	0	0	95	5	0	0	50	50	0	0															
3	90	10	0	0	90	10	0	0	45	55	0	0															
4	80	20	0	0	80	20	0	0	40	45	0	5															
5	70	30	0	0	70	15	0	15	35	55	0	10															
6	60	40	0	0	60	20	0	20	0	0	0	0															
7	20	40	0	40	20	40	0	40	0	0	0	0															
8	10	40	0	50	10	40	0	50	0	0	0	0															
